1405076298.414844100
1405076298.942279400
1405076299.451623200
1405076299.867192300
1405076300.349606500
1405076300.812034500
1405076301.298152000
1405076301.689410000
1405076302.65066500
1405076302.461978100
1405076302.869832800
1405076303.292256000
1405076303.786610300
1405076304.220039700
1405076304.738016000
1405076305.170662900
1405076305.563766700
1405076305.986891600
1405076306.438253400
1405076306.838308600
1405076307.239499700
1405076307.643708200
1405076308.76227400
1405076308.438686400
1405076308.819572000
1405076309.225879500
1405076309.586645000
1405076309.971499700
1405076310.389897200
1405076310.789112400
1405076311.165628200
1405076311.575143600
1405076311.951068300
1405076312.288919800
1405076312.724385000
1405076313.126131400
1405076313.462056600
1405076313.863919500
1405076314.287059800
1405076314.650090900
1405076315.73711500
1405076315.572407600
1405076316.43490400
1405076316.363071800
1405076316.813662800
1405076317.286720800
1405076317.712847500
1405076318.74657200
1405076318.498417200
1405076319.402300
1405076319.486614400
1405076319.800165400
1405076320.248725300
1405076320.668848300
1405076321.114788800
1405076321.486519800
1405076322.50302100
1405076322.575302100
1405076323.24137800
1405076323.465150600
1405076323.876769800
1405076324.361501900
1405076324.915153400
1405076325.450377100
1405076325.924495200
1405076326.425707600
1405076326.965650100
1405076327.699612600
1405076328.336621100
1405076328.824493700
1405076329.317332700
1405076329.786120500
1405076330.291449500
1405076330.750135300
1405076331.173407200
1405076331.564629300
1405076332.10987700
1405076332.450855800
1405076332.850599400
1405076333.248358700
1405076333.719827300
1405076334.187367200
1405076334.566880500
1405076334.972564900
1405076335.436458800
1405076335.843711100
1405076336.224958900
1405076336.690134600
1405076337.142892800
1405076337.541205100
1405076337.965932700
1405076338.436926700
1405076338.844802100
1405076339.236542000
1405076339.748757900
1405076340.272886900
1405076340.665641200
1405076341.113730500
1405076341.493633100
1405076341.915625800
1405076342.291009400
1405076342.667067100
1405076343.72058100
1405076343.511735300
1405076343.822763400
1405076344.311979200
1405076344.692856100
1405076345.222562100
1405076345.600658200
1405076346.96124900
1405076346.618379800
1405076347.776549300
1405076348.201155500
1405076348.650828300
1405076348.995076600
1405076349.438777200
1405076349.925395900
1405076350.341317100
1405076350.786843900
1405076351.173324400
1405076351.620154300
1405076352.47589700
1405076352.447089000
1405076352.924347800
1405076353.374601100
1405076353.863555700
1405076354.290511600
1405076354.716851400
1405076355.197836000
1405076355.599097700
1405076355.999478600
1405076356.451216400
1405076356.962132800
1405076357.476800700
1405076357.922132800
1405076358.368683500
1405076358.811506800
1405076359.248337400
1405076359.665548500
1405076360.76194700
1405076360.492932800
1405076360.925690000
1405076361.395020800
1405076361.824346200
1405076362.312816500
1405076362.726184900
1405076363.262849200
1405076363.692931100
1405076364.147715300
1405076364.637847200
1405076365.68735500
1405076365.550295800
1405076366.66959900
1405076366.626450000
1405076367.313354900
1405076367.990098500
1405076368.775385200
1405076369.350086600
1405076369.871287700
1405076370.325294100
1405076370.701333800
1405076371.166125300
1405076371.674493600
1405076372.217192000
1405076372.786540700
1405076373.248997500
1405076373.626184100
1405076374.86322300
1405076374.564332600
1405076374.990370500
1405076375.391049300
1405076375.791400800
1405076376.215892800
1405076376.666249000
1405076377.95049100
1405076377.523550900
1405076377.986336400
1405076378.417538700
1405076378.849237700
1405076379.345636300
1405076379.864898000
1405076380.323307700
1405076380.775837300
1405076381.225729400
1405076381.676678000
1405076382.76863900
1405076382.512441300
1405076382.961294700
1405076383.350343400
1405076383.825235100
1405076384.261494100
1405076384.637942200
1405076385.62546200
1405076385.522783600
1405076385.937203500
1405076386.367314900
1405076386.787050400
1405076387.249049200
1405076387.673938700
1405076388.75547100
1405076388.513700900
1405076389.24123200
1405076389.547047000
1405076390.115914100
1405076390.570302300
1405076391.61282200
1405076391.488880300
1405076391.963743500
1405076392.442942200
1405076392.960745200
1405076393.535874500
1405076394.449944800
1405076395.173355900
1405076395.725586200
1405076396.198677700
1405076396.611362900
1405076397.119844700
1405076397.548700700
1405076398.1587100
1405076398.467821400
1405076398.949916900
1405076399.472339200
1405076400.448842200
1405076403.463049500
1405076404.85863900
1405076404.672916200
1405076405.150434700
1405076405.538377700
1405076405.966326900
1405076406.410485300
1405076406.821369300
1405076407.187755500
1405076407.635824200
1405076408.125407700
1405076408.521095900
1405076408.871040000
1405076409.298087400
1405076409.810923700
1405076410.174448300
1405076410.636022000
1405076411.39550000
1405076411.437451900
1405076411.866442100
1405076412.316806700
1405076412.747886700
1405076413.200338700
1405076413.599426400
1405076413.973659400
1405076414.399486300
1405076414.774238700
1405076415.199487200
1405076415.598777600
1405076415.996836200
1405076416.314740100
1405076416.813262400
1405076417.236236000
1405076417.576311400
1405076417.964137800
1405076418.395418800
1405076418.775765200
1405076419.86273800
1405076419.599508800
1405076419.949826400
1405076420.324333000
1405076420.725737400
1405076421.126321300
1405076421.541161000
1405076421.900558800
1405076422.273592300
1405076422.670578700
1405076423.61482900
1405076423.516697600
1405076423.940311100
1405076424.362842500
1405076424.761072500
1405076425.199410100
1405076425.620625000
1405076426.66170400
1405076426.451641800
1405076426.794871200
1405076427.226128100
1405076427.648281500
1405076427.992711200
1405076428.490280400
1405076429.64922300
1405076429.612152100
1405076429.998021600
1405076430.498717800
1405076430.893497500
1405076431.325322800
1405076431.844288600
1405076432.248783200
1405076432.690580400
1405076433.94785900
1405076433.610876900
1405076434.143615500
1405076434.574781500
1405076435.61170100
1405076435.450620100
1405076435.888355200
1405076436.375968900
1405076436.847049500
1405076437.291456100
1405076437.710631300
1405076438.215983000
1405076438.714423400
1405076439.199673800
1405076439.589380100
1405076439.998204500
1405076440.493024200
1405076440.925232600
1405076441.288633600
1405076441.770622800
1405076442.266524200
1405076442.748598600
1405076443.211063200
1405076443.714501500
1405076444.266483500
1405076444.775389000
1405076445.299984100
1405076445.874534100
